--
-- PostgreSQL database dump
--

-- Dumped from database version 12.8
-- Dumped by pg_dump version 12.8

-- Started on 2023-05-18 09:52:14

SET statement_timeout = 0;
SET lock_timeout = 0;
SET idle_in_transaction_session_timeout = 0;
SET client_encoding = 'UTF8';
SET standard_conforming_strings = on;
SELECT pg_catalog.set_config('search_path', '', false);
SET check_function_bodies = false;
SET xmloption = content;
SET client_min_messages = warning;
SET row_security = off;

DROP DATABASE "MiniaturePaint";
--
-- TOC entry 2837 (class 1262 OID 49683)
-- Name: MiniaturePaint; Type: DATABASE; Schema: -; Owner: postgres
--

CREATE DATABASE "MiniaturePaint" WITH TEMPLATE = template0 ENCODING = 'UTF8' LC_COLLATE = 'English_United States.1252' LC_CTYPE = 'English_United States.1252';


ALTER DATABASE "MiniaturePaint" OWNER TO postgres;

\connect "MiniaturePaint"

SET statement_timeout = 0;
SET lock_timeout = 0;
SET idle_in_transaction_session_timeout = 0;
SET client_encoding = 'UTF8';
SET standard_conforming_strings = on;
SELECT pg_catalog.set_config('search_path', '', false);
SET check_function_bodies = false;
SET xmloption = content;
SET client_min_messages = warning;
SET row_security = off;

--
-- TOC entry 2831 (class 0 OID 51493)
-- Dependencies: 205
-- Data for Name: match_paint; Type: TABLE DATA; Schema: public; Owner: postgres
--

COPY public.match_paint (match_id, base_paint_id, comparison_paint_id, match_value) FROM stdin;
1	3981	3556	11.04
2	3981	1927	3.09
3	3981	3670	7.38
4	3981	3868	8.87
5	3892	3476	0.00
6	3892	3581	0.00
7	3892	3685	0.00
8	3892	3789	1.84
9	3901	3486	4.97
10	3901	3589	3.53
11	3901	2307	1.61
12	3901	3867	6.96
13	3903	3484	4.82
14	3903	3659	6.02
15	3903	2323	6.71
16	3903	3867	5.28
17	3020	3482	5.10
18	3020	2682	1.61
19	3020	2218	1.92
20	3020	3798	7.63
21	3894	3479	1.04
22	3894	3583	4.06
23	3894	3687	2.92
24	3894	3791	3.57
25	3993	3578	3.90
26	3993	3682	4.54
27	3993	3743	5.13
28	3993	3890	4.08
29	3940	3524	7.23
30	3940	3940	8.21
31	3940	2243	4.24
32	3940	3834	10.93
33	3943	3527	5.47
34	3943	3633	2.95
35	3943	3735	6.20
36	3943	3839	5.52
37	3938	3523	5.65
38	3938	2696	1.99
39	3938	3731	3.24
40	3938	3836	0.08
41	3935	3520	1.72
42	3935	3624	4.62
43	3935	3728	7.19
44	3935	3880	8.41
45	3611	3501	5.25
46	3611	3611	5.62
47	3611	2250	4.38
48	3611	3818	10.50
49	3921	3501	4.60
50	3921	3611	5.50
51	3921	2250	3.95
52	3921	3818	6.31
53	3918	3500	3.97
54	3918	3607	5.14
55	3918	3711	6.55
56	3918	3815	7.95
57	3914	3513	7.18
58	3914	3702	9.85
59	3914	3707	3.86
60	3914	3825	10.15
61	3979	3561	4.54
62	3979	3676	2.86
63	3979	3782	2.21
64	3979	3886	6.94
65	3931	3497	4.70
66	3931	3671	3.02
67	3931	2380	5.50
68	3931	3882	7.35
69	3926	3511	3.86
70	3926	3615	3.36
71	3926	3720	3.43
72	3926	3822	10.43
73	3966	3549	5.72
74	3966	3964	3.36
75	3966	3759	3.74
76	3966	3863	5.57
77	3041	3539	7.63
78	3041	3656	2.14
79	3041	2311	3.69
80	3041	3845	5.11
81	1755	3489	6.91
82	1755	3651	4.19
83	1755	2230	7.55
84	1755	3859	1.87
85	3964	3549	3.56
86	3964	2667	6.97
87	3964	3757	7.51
88	3964	3859	10.91
89	3049	3556	10.75
90	3049	3657	7.22
91	3049	3762	7.57
92	3049	3868	7.22
93	3950	3535	5.90
94	3950	3669	2.42
95	3950	3743	1.01
96	3950	3890	3.51
97	3898	3544	7.03
98	3898	1951	3.57
99	3898	3750	6.63
100	3898	3891	4.99
101	3963	3548	3.56
102	3963	3652	4.25
103	3963	3749	5.48
104	3963	3860	4.67
105	3909	3494	7.91
106	3909	3598	4.56
107	3909	3701	4.57
108	3909	3806	3.00
109	3924	3509	6.41
110	3924	2559	11.67
111	3924	3723	3.52
112	3924	3827	7.33
113	3969	3546	3.08
114	3969	3658	2.39
115	3969	3761	7.97
116	3969	3866	2.04
117	1764	3546	3.08
118	1764	3658	2.39
119	1764	3761	7.97
120	1764	3866	2.04
121	3001	3535	9.43
122	3001	2663	5.59
123	3001	2325	3.58
124	3001	2767	5.01
125	3990	3479	1.95
126	3990	3583	5.21
127	3990	3687	2.18
128	3990	3887	3.80
129	3011	3564	6.88
130	3011	3669	7.62
131	3011	3786	8.41
132	3011	3876	4.49
133	1768	3550	7.11
134	1768	1980	4.66
135	1768	3746	4.77
136	1768	2769	4.55
137	3057	3476	8.14
138	3057	2663	3.88
139	3057	2663	1.61
140	3057	2823	2.56
141	1770	3476	8.14
142	1770	2663	3.88
143	1770	2663	1.61
144	1770	2823	2.56
145	3994	3579	9.79
146	3994	3680	7.21
147	3994	3787	9.91
148	3994	3891	10.24
149	3986	3571	3.60
150	3986	3675	3.84
151	3986	3673	4.29
152	3986	3883	3.49
153	3944	3527	8.04
154	3944	3633	4.86
155	3944	2342	5.05
156	3944	3839	4.06
157	3951	3565	9.05
158	3951	3649	8.82
159	3951	3786	8.32
160	3951	2832	8.71
161	2937	3554	8.93
162	2937	2577	5.54
163	2937	3762	6.42
164	2937	3866	9.77
165	3039	3569	10.12
166	3039	2659	6.68
167	3039	2242	3.64
168	3039	3869	4.47
169	3984	3569	3.54
170	3984	3673	7.87
171	3984	3777	7.34
172	3984	3881	5.46
173	3928	3513	6.43
174	3928	3617	4.33
175	3928	2353	4.27
176	3928	3882	8.41
177	3968	3553	8.10
178	3968	3672	7.37
179	3968	3761	2.00
180	3968	3866	13.44
181	3980	3565	4.17
182	3980	3669	6.35
183	3980	2374	4.91
184	3980	3877	6.90
185	3912	3497	3.32
186	3912	3671	6.05
187	3912	2380	5.68
188	3912	3882	9.25
189	3933	3515	4.79
190	3933	3629	2.99
191	3933	2247	6.29
192	3933	3827	14.71
193	3941	3526	5.11
194	3941	3630	9.87
195	3941	2242	9.56
196	3941	3869	11.06
197	1784	3526	5.11
198	1784	3630	9.87
199	1784	2242	9.56
200	1784	3869	11.06
201	3907	3497	12.64
202	3907	3661	14.01
203	3907	2347	9.96
204	3907	2853	18.14
205	3973	3560	5.28
206	3973	3673	4.93
207	3973	3779	3.61
208	3973	3881	2.20
209	3982	3567	6.66
210	3982	2667	12.16
211	3982	2271	4.01
212	3982	3882	11.05
213	3965	3482	5.25
214	3965	1980	4.80
215	3965	3749	6.39
216	3965	3860	7.70
217	1789	3512	5.56
218	1789	3615	4.38
219	1789	3720	4.42
220	1789	3886	9.23
221	3988	3573	10.18
222	3988	2687	7.33
223	3988	3781	7.74
224	3988	3885	6.13
225	3915	3500	2.48
226	3915	3609	6.87
227	3915	2327	4.22
228	3915	3815	10.54
229	3983	3568	1.04
230	3983	3672	9.16
231	3983	3964	2.70
232	3983	3880	12.01
233	2996	3558	9.50
234	2996	3041	2.75
235	2996	2277	5.43
236	2996	3850	3.32
237	3927	3512	3.97
238	3927	3926	7.42
239	3927	3716	6.82
240	3927	3886	10.99
241	3947	3532	6.93
242	3947	3637	11.57
243	3947	3730	7.73
244	3947	3844	6.28
245	3960	3539	7.42
246	3960	3648	11.09
247	3960	3747	5.67
248	3960	3851	7.96
249	3992	3577	6.97
250	3992	3626	13.37
251	3992	2362	8.92
252	3992	3834	14.92
253	3904	3489	4.00
254	3904	3589	2.93
255	3904	3693	2.28
256	3904	3867	5.53
257	3987	3572	3.98
258	3987	3676	12.70
259	3987	3780	7.53
260	3987	3827	6.05
261	3012	3536	8.70
262	3012	3638	8.00
263	3012	2219	6.71
264	3012	3791	6.15
265	3939	3521	5.29
266	3939	3940	6.03
267	3939	3736	4.29
268	3939	3843	10.20
269	2957	3565	6.94
270	2957	2663	10.35
271	2957	2663	6.27
272	2957	2832	5.21
273	1803	3498	11.16
274	1803	3647	13.12
275	1803	3766	12.53
276	1803	3886	14.08
277	3896	3481	3.56
278	3896	3590	2.82
279	3896	2308	2.58
280	3896	3798	2.62
281	3985	3556	4.87
282	3985	3660	9.04
283	3985	3964	6.06
284	3985	3880	9.48
285	3048	3557	8.14
286	3048	3661	7.36
287	3048	2254	6.23
288	3048	3882	17.58
289	3989	3574	6.03
290	3989	3926	11.35
291	3989	2378	14.43
292	3989	3886	11.96
293	3967	3552	5.88
294	3967	3582	4.42
295	3967	2253	8.19
296	3967	3857	3.83
297	3022	3548	13.79
298	3022	3652	10.21
299	3022	2332	2.40
300	3022	2853	13.75
301	3018	3535	10.87
302	3018	2680	7.17
303	3018	2342	3.96
304	3018	3887	8.78
305	3036	3515	5.50
306	3036	2559	9.80
307	3036	3723	1.81
308	3036	3827	8.40
309	3945	3530	3.72
310	3945	3637	7.24
311	3945	3739	4.44
312	3945	3883	5.87
313	2891	3489	10.21
314	2891	3644	9.67
315	2891	3697	9.14
316	2891	2853	4.79
317	3923	3507	1.77
318	3923	3611	8.28
319	3923	3716	2.73
320	3923	3886	12.82
321	2916	3532	7.08
322	2916	2007	10.02
323	2916	3730	7.10
324	2916	3844	4.10
325	3991	3563	9.37
326	3991	3681	9.64
327	3991	3781	6.32
328	3991	3885	6.65
329	3053	3562	8.26
330	3053	3676	8.63
331	3053	3784	1.87
332	3053	3876	7.76
333	3953	3538	6.48
334	3953	3642	3.87
335	3953	3746	3.87
336	3953	2769	6.12
337	1819	3498	13.02
338	1819	2684	15.83
339	1819	2346	10.99
340	1819	3886	17.14
341	2926	3501	8.20
342	2926	3611	1.19
343	2926	2250	3.87
344	2926	3818	11.53
345	3959	3544	3.45
346	3959	3648	4.62
347	3959	2262	3.58
348	3959	2769	6.67
349	3970	3555	5.73
350	3970	3659	3.75
351	3970	2323	3.46
352	3970	3867	9.20
353	3952	3537	7.13
354	3952	3641	6.30
355	3952	2272	6.65
356	3952	3869	4.13
357	3920	3505	4.48
358	3920	3609	7.10
359	3920	2327	4.75
360	3920	3818	9.00
361	3906	3557	9.57
362	3906	3661	8.45
363	3906	2347	8.12
364	3906	3882	16.42
365	3955	3557	7.11
366	3955	2667	5.20
367	3955	2274	2.84
368	3955	3869	10.51
369	3948	3531	4.32
370	3948	3637	5.64
371	3948	3740	5.97
372	3948	3883	9.35
373	3929	3516	7.66
374	3929	2559	6.39
375	3929	2293	6.11
376	3929	3829	11.18
377	2892	3541	7.12
378	2892	3652	3.71
379	2892	2216	1.40
380	2892	3860	5.35
381	3975	3560	3.22
382	3975	3602	9.34
383	3975	3768	0.75
384	3975	3881	8.48
385	3476	3581	0.00
386	3476	3685	0.00
387	3476	3789	1.84
388	3476	3892	0.00
389	3477	3581	0.00
390	3477	3685	0.00
391	3477	3789	1.84
392	3477	3892	0.00
393	3478	3582	2.85
394	3478	3686	6.07
395	3478	3857	6.06
396	3478	3967	7.10
397	3479	3583	3.69
398	3479	3687	2.97
399	3479	3791	4.13
400	3479	3894	1.04
401	3480	3679	0.97
402	3480	3783	1.05
403	3480	3887	3.34
404	3480	3990	5.46
405	3481	3590	2.90
406	3481	3694	4.50
407	3481	3798	3.24
408	3481	3896	3.48
409	3482	3586	2.89
410	3482	3690	3.48
411	3482	3860	8.43
412	3482	3965	4.67
413	3483	3648	6.36
414	3483	3691	5.97
415	3483	3795	5.32
416	3483	3898	7.00
417	3484	3592	6.78
418	3484	3692	10.28
419	3484	3867	7.32
420	3484	3903	4.47
421	3485	3589	5.50
422	3485	3693	6.79
423	3485	3867	4.99
424	3485	3901	5.54
425	3486	3590	2.90
426	3486	3694	3.64
427	3486	3798	3.77
428	3486	3901	4.67
429	3487	3658	1.41
430	3487	3762	9.07
431	3487	3866	2.44
432	3487	3969	3.69
433	3488	3592	3.65
434	3488	3696	10.59
435	3488	3866	8.10
436	3488	3903	6.03
437	3489	3644	6.09
438	3489	3697	4.77
439	3489	3859	7.86
440	3489	3904	4.35
441	3490	3595	2.51
442	3490	3698	6.43
443	3490	3804	10.28
444	3490	3970	9.58
445	3491	3595	8.94
446	3491	3699	5.53
447	3491	3804	4.12
448	3491	3906	8.26
449	3492	3644	14.82
450	3492	3700	6.33
451	3492	3804	8.55
452	3492	3907	9.29
453	3493	3597	6.85
454	3493	3701	7.68
455	3493	3825	9.85
456	3493	3914	12.85
457	3494	3598	4.74
458	3494	3702	3.55
459	3494	3806	5.68
460	3494	3909	8.10
461	3495	3609	14.05
462	3495	3703	2.09
463	3495	3815	16.84
464	3495	3912	14.88
465	3496	3609	7.44
466	3496	3714	10.40
467	3496	3882	12.00
468	3496	3912	9.11
469	3497	3671	7.09
470	3497	3775	7.62
471	3497	3882	9.49
472	3497	3912	3.11
473	3498	3602	5.31
474	3498	3706	7.90
475	3498	3886	5.42
476	3498	3979	10.62
477	3499	3702	4.17
478	3499	3707	7.88
479	3499	3825	8.25
480	3499	3914	8.77
481	3500	3609	5.74
482	3500	3711	4.15
483	3500	3815	9.28
484	3500	3915	2.47
485	3501	3611	8.73
486	3501	3714	6.29
487	3501	3818	5.97
488	3501	3921	5.10
489	3502	3607	4.51
490	3502	3710	5.36
491	3502	3825	3.87
492	3502	3918	9.37
493	3503	3607	7.00
494	3503	3711	5.97
495	3503	3815	1.52
496	3503	3918	7.64
497	3504	3609	10.77
498	3504	3712	6.56
499	3504	3818	4.79
500	3504	3920	9.49
501	3505	3609	6.68
502	3505	3713	4.50
503	3505	3818	6.41
504	3505	3920	4.57
505	3506	3611	10.36
506	3506	3714	7.44
507	3506	3818	2.80
508	3506	3921	5.27
509	3507	3611	8.05
510	3507	3716	2.46
511	3507	3886	12.18
512	3507	3923	1.85
513	3508	3926	13.12
514	3508	3716	7.22
515	3508	3827	9.79
516	3508	3923	9.61
517	3509	3615	9.47
518	3509	3717	1.73
519	3509	3822	1.40
520	3509	3924	6.51
521	3510	3717	7.97
522	3510	3718	3.78
523	3510	3822	10.32
524	3510	3931	8.36
525	3511	3615	6.93
526	3511	3719	4.40
527	3511	3882	12.34
528	3511	3926	3.86
529	3512	3926	4.99
530	3512	3720	9.56
531	3512	3886	8.66
532	3512	3927	4.78
533	3513	3617	8.65
534	3513	3721	7.53
535	3513	3825	13.48
536	3513	3928	5.88
537	3514	3717	2.52
538	3514	3724	5.52
539	3514	3829	6.49
540	3514	3929	10.41
541	3515	3629	6.72
542	3515	3723	5.44
543	3515	3827	11.32
544	3515	3933	5.37
545	3516	3717	6.74
546	3516	3724	4.67
547	3516	3829	10.46
548	3516	3931	8.41
549	3517	3621	3.18
550	3517	3725	3.40
551	3517	3829	9.68
552	3517	3985	11.76
553	3518	3629	6.42
554	3518	3732	3.14
555	3518	3836	14.68
556	3518	3933	9.15
557	3519	3629	10.15
558	3519	3727	5.60
559	3519	3834	4.90
560	3519	3940	9.25
561	3520	3624	4.63
562	3520	3728	7.93
563	3520	3880	9.49
564	3520	3935	1.63
565	3521	3940	4.73
566	3521	3729	4.01
567	3521	3836	8.62
568	3521	3939	5.05
569	3522	3626	7.19
570	3522	3730	4.33
571	3522	3834	9.62
572	3522	3947	8.55
573	3523	3627	7.45
574	3523	3731	5.89
575	3523	3836	5.90
576	3523	3938	5.85
577	3524	3940	6.12
578	3524	3732	6.94
579	3524	3836	11.43
580	3524	3939	7.76
581	3525	3629	10.23
582	3525	3733	7.74
583	3525	3883	8.59
584	3525	3940	10.21
585	3526	3630	11.71
586	3526	3734	10.22
587	3526	3880	9.80
588	3526	3941	5.08
589	3527	3633	3.93
590	3527	3735	6.18
591	3527	3839	4.18
592	3527	3943	5.18
593	3528	3633	6.04
594	3528	3736	4.36
595	3528	3843	5.16
596	3528	3943	6.26
597	3529	3633	8.52
598	3529	3737	5.63
599	3529	3843	5.38
600	3529	3944	8.47
601	3530	3637	6.95
602	3530	3740	6.77
603	3530	3883	7.63
604	3530	3945	3.73
605	3531	3637	8.74
606	3531	3739	3.30
607	3531	3843	8.62
608	3531	3948	4.13
609	3532	3682	9.77
610	3532	3740	10.87
611	3532	3844	9.07
612	3532	3947	7.34
613	3533	3637	3.29
614	3533	3741	3.43
615	3533	3845	5.78
616	3533	3948	7.92
617	3534	3638	4.47
618	3534	3742	5.54
619	3534	3890	5.44
620	3534	3993	4.22
621	3535	3669	7.97
622	3535	3743	5.02
623	3535	3877	2.23
624	3535	3950	5.83
625	3536	3649	4.43
626	3536	3744	5.71
627	3536	3877	10.10
628	3536	3951	7.02
629	3537	3641	3.56
630	3537	3757	2.52
631	3537	3869	8.37
632	3537	3952	7.15
633	3538	3642	5.92
634	3538	3746	5.92
635	3538	3850	8.53
636	3538	3953	6.55
637	3539	3682	9.60
638	3539	3747	4.44
639	3539	3851	5.23
640	3539	3960	6.51
641	3540	3644	6.85
642	3540	3748	3.16
643	3540	3861	9.93
644	3540	3955	8.04
645	3541	3652	4.91
646	3541	3749	2.92
647	3541	3860	1.71
648	3541	3963	5.23
649	3542	3649	5.89
650	3542	3750	1.96
651	3542	3891	8.50
652	3542	3960	6.59
653	3543	3647	5.79
654	3543	3756	4.03
655	3543	3861	6.40
656	3543	3963	5.41
657	3544	3648	3.64
658	3544	3752	3.88
659	3544	3860	6.94
660	3544	3959	3.48
661	3545	3649	7.08
662	3545	3760	4.06
663	3545	3857	7.58
664	3545	3960	8.63
665	3546	3658	0.93
666	3546	3762	8.69
667	3546	3866	2.11
668	3546	3969	3.05
669	3547	3651	8.84
670	3547	3759	9.90
671	3547	3859	6.54
672	3547	3966	7.48
673	3548	3652	7.06
674	3548	3756	6.22
675	3548	3860	6.92
676	3548	3963	3.48
677	3549	3964	6.77
678	3549	3757	6.36
679	3549	3861	9.90
680	3549	3964	3.41
681	3550	3654	6.58
682	3550	3758	6.68
683	3550	3862	6.56
684	3550	3965	6.04
685	3551	3964	6.73
686	3551	3759	7.19
687	3551	3863	6.70
688	3551	3966	5.44
689	3552	3656	5.86
690	3552	3760	8.67
691	3552	3864	5.58
692	3552	3967	5.96
693	3553	3657	5.21
694	3553	3761	6.65
695	3553	3868	10.69
696	3553	3968	9.58
697	3554	3658	5.03
698	3554	3762	8.35
699	3554	3866	5.09
700	3554	3969	6.63
701	3555	3659	2.70
702	3555	3763	3.17
703	3555	3867	9.03
704	3555	3970	6.43
705	3556	3660	8.09
706	3556	3964	8.44
707	3556	3868	7.24
708	3556	3985	4.81
709	3557	3661	4.67
710	3557	3765	3.36
711	3557	3869	15.40
712	3557	3982	6.87
713	3558	3673	3.91
714	3558	3766	4.46
715	3558	3870	7.51
716	3558	3973	8.37
717	3559	3671	9.83
718	3559	3778	4.10
719	3559	3882	5.82
720	3559	3983	8.49
721	3560	3673	7.20
722	3560	3768	3.48
723	3560	3881	5.13
724	3560	3975	2.94
725	3561	3676	5.24
726	3561	3782	4.12
727	3561	3886	8.47
728	3561	3979	4.02
729	3562	3676	2.85
730	3562	3770	3.29
731	3562	3886	9.10
732	3562	3979	4.83
733	3563	3681	8.81
734	3563	3773	4.28
735	3563	3885	7.63
736	3563	3991	8.63
737	3564	3676	9.17
738	3564	3772	7.73
739	3564	3876	5.86
740	3564	3979	6.60
741	3565	3669	10.84
742	3565	3773	4.94
743	3565	3877	9.35
744	3565	3980	4.30
745	3566	3670	0.47
746	3566	3774	0.40
747	3566	3878	1.75
748	3566	3981	12.19
749	3567	3671	7.37
750	3567	3775	2.40
751	3567	3882	4.33
752	3567	3982	6.98
753	3568	3672	8.62
754	3568	3964	3.19
755	3568	3880	12.84
756	3568	3983	1.04
757	3569	3673	6.76
758	3569	3777	6.52
759	3569	3881	6.97
760	3569	3984	3.62
761	3570	3674	9.24
762	3570	3778	3.64
763	3570	3882	8.04
764	3570	3985	10.38
765	3571	3675	4.55
766	3571	3779	5.23
767	3571	3883	3.68
768	3571	3986	4.16
769	3572	3676	12.33
770	3572	3780	7.68
771	3572	3889	5.95
772	3572	3987	4.20
773	3573	3677	4.04
774	3573	3781	10.51
775	3573	3885	11.46
776	3573	3988	10.02
777	3574	3926	11.88
778	3574	3782	16.32
779	3574	3886	14.94
780	3574	3989	5.75
781	3575	3679	0.33
782	3575	3783	0.42
783	3575	3887	4.19
784	3575	3990	6.70
785	3576	3680	14.20
786	3576	3784	17.04
787	3576	3888	15.86
788	3576	3991	13.91
789	3577	3681	10.80
790	3577	3785	7.89
791	3577	3889	14.50
792	3577	3992	8.68
793	3578	3682	3.37
794	3578	3786	6.43
795	3578	3890	5.11
796	3578	3993	3.57
797	3579	3683	0.60
798	3579	3787	0.72
799	3579	3891	5.94
800	3579	3994	6.88
801	3866	3546	2.13
802	3866	3658	1.66
803	3866	3762	8.17
804	3866	3969	2.02
805	3867	3485	5.57
806	3867	3589	4.11
807	3867	3693	4.13
808	3867	3903	5.24
809	3798	3481	3.27
810	3798	3590	1.69
811	3798	3694	3.76
812	3798	3896	2.51
813	3795	3483	5.25
814	3795	2647	2.71
815	3795	3691	3.39
816	3795	3898	5.82
817	2769	3544	6.56
818	2769	1980	4.02
819	2769	3691	5.42
820	2769	1768	4.56
821	3857	3545	6.32
822	3857	3582	4.55
823	3857	2253	6.12
824	3857	3967	4.25
825	3887	3480	3.44
826	3887	2680	2.81
827	3887	3687	3.35
828	3887	3990	3.86
829	3791	3479	4.31
830	3791	3583	4.00
831	3791	2341	4.12
832	3791	3894	3.73
833	3868	3556	7.03
834	3868	1927	6.81
835	3868	3761	12.07
836	3868	3981	7.51
837	1469	3566	10.61
838	1469	3670	10.61
839	1469	3774	10.48
840	1469	3981	10.80
841	3859	3547	6.87
842	3859	3651	4.26
843	3859	2230	8.53
844	3859	1755	1.90
845	3862	3551	6.95
846	3862	3654	3.90
847	3862	3758	2.96
848	3862	2996	7.53
849	3863	3551	8.12
850	3863	3654	6.22
851	3863	3759	3.86
852	3863	3966	5.58
853	3890	3578	6.17
854	3890	3669	1.44
855	3890	3786	2.43
856	3890	3950	3.52
857	3869	3537	9.08
858	3869	2659	4.60
859	3869	2321	5.06
860	3869	3039	3.90
861	3836	3523	5.69
862	3836	2696	1.95
863	3836	3731	3.31
864	3836	3938	0.08
865	3834	3519	4.36
866	3834	3626	7.21
867	3834	3727	1.00
868	3834	3940	10.75
869	3843	3528	5.20
870	3843	3633	4.36
871	3843	3737	5.61
872	3843	3943	4.89
873	3883	3571	3.45
874	3883	3675	5.97
875	3883	3673	6.90
876	3883	3986	3.62
877	3844	3532	8.40
878	3844	2007	6.29
879	3844	3730	8.77
880	3844	2916	4.09
881	2747	3522	9.98
882	2747	2007	5.80
883	2747	3730	7.86
884	2747	2916	6.70
885	3825	3502	4.16
886	3825	2327	6.22
887	3825	3710	3.73
888	3825	3914	8.76
889	3815	3503	1.51
890	3815	3607	5.99
891	3815	3711	6.29
892	3815	3918	6.71
893	3818	3506	2.79
894	3818	3611	11.44
895	3818	3713	8.52
896	3818	3921	6.24
897	3882	3567	3.64
898	3882	3671	4.85
899	3882	2245	1.26
900	3882	3931	7.35
901	3886	3498	5.57
902	3886	3602	3.66
903	3886	3706	3.64
904	3886	3979	6.80
905	1486	3476	6.51
906	1486	3581	6.51
907	1486	2381	5.74
908	1486	3892	6.51
909	3829	3514	6.52
910	3829	3717	5.11
911	3829	2295	6.33
912	3829	3929	11.60
913	3822	3509	1.39
914	3822	3615	9.40
915	3822	3717	2.73
916	3822	3924	7.84
917	3827	3572	7.85
918	3827	3676	12.56
919	3827	3780	9.39
920	3827	3987	6.05
921	3889	3572	6.00
922	3889	3681	9.23
923	3889	3781	9.41
924	3889	3987	8.81
925	3885	3563	7.59
926	3885	3681	6.01
927	3885	3781	2.88
928	3885	3991	5.35
929	3806	3494	5.58
930	3806	3598	3.59
931	3806	3702	3.04
932	3806	3909	3.01
933	3804	3491	3.55
934	3804	3595	10.55
935	3804	3699	3.99
936	3804	3906	10.35
937	2853	3489	9.20
938	2853	2683	9.06
939	2853	3700	8.58
940	2853	2891	4.06
941	3888	3476	10.56
942	3888	3581	10.56
943	3888	2381	10.43
944	3888	2957	9.36
945	3861	3543	6.37
946	3861	3651	9.44
947	3861	3759	6.57
948	3861	3966	7.07
949	3851	3539	5.47
950	3851	3637	8.03
951	3851	3747	2.27
952	3851	3960	7.88
953	3860	3541	1.76
954	3860	3652	3.32
955	3860	3749	4.02
956	3860	3963	4.51
957	3891	3579	6.12
958	3891	1951	4.16
959	3891	2227	6.84
960	3891	3898	5.11
961	2832	3565	9.41
962	2832	2663	8.62
963	2832	2325	5.34
964	2832	2957	4.51
965	3839	3527	4.18
966	3839	3633	2.60
967	3839	2277	8.91
968	3839	3944	4.06
969	3850	3558	8.05
970	3850	3041	1.97
971	3850	2320	3.61
972	3850	2996	3.49
973	3845	3533	4.78
974	3845	3656	6.08
975	3845	3041	4.36
976	3845	3041	5.64
977	3864	3552	5.97
978	3864	3638	7.65
979	3864	3742	6.83
980	3864	3967	9.30
981	3877	3535	2.37
982	3877	3669	6.38
983	3877	3743	3.63
984	3877	3950	4.52
985	2767	3535	8.01
986	2767	2663	6.49
987	2767	2316	6.66
988	2767	3001	4.69
989	2823	3476	8.67
990	2823	2663	1.50
991	2823	2316	1.39
992	2823	3057	2.38
993	3880	3556	8.77
994	3880	3624	11.01
995	3880	3728	6.17
996	3880	3985	7.07
997	3881	3560	4.45
998	3881	3673	6.46
999	3881	3779	4.62
1000	3881	3973	2.22
1001	3870	3571	7.91
1002	3870	3673	6.32
1003	3870	3772	4.23
1004	3870	3973	9.38
1005	3876	3564	5.86
1006	3876	3669	9.35
1007	3876	3784	5.79
1008	3876	3011	5.17
1009	1512	3535	3.92
1010	1512	3669	9.14
1011	1512	3743	6.73
1012	1512	3980	7.37
1013	3878	3566	1.74
1014	3878	3670	1.92
1015	3878	3774	1.67
1016	3878	3981	10.88
1017	3789	3476	1.77
1018	3789	3581	1.77
1019	3789	3685	1.77
1020	3789	3892	1.77
1021	3700	3492	6.03
1022	3700	3644	10.81
1023	3700	3804	7.92
1024	3700	2891	9.71
1025	2216	3541	7.62
1026	2216	3652	3.63
1027	2216	3860	5.82
1028	2216	2892	1.38
1029	3752	3544	4.51
1030	3752	3648	5.19
1031	3752	3851	6.65
1032	3752	3959	4.84
1033	2218	3482	4.93
1034	2218	2682	0.34
1035	2218	3798	7.74
1036	2218	3020	1.89
1037	2219	3535	7.86
1038	2219	2680	8.87
1039	2219	2767	7.67
1040	2219	3012	7.03
1041	3721	3513	8.27
1042	3721	3617	8.78
1043	3721	3882	9.71
1044	3721	3928	6.18
1045	3723	3515	5.43
1046	3723	2559	8.17
1047	3723	3822	7.76
1048	3723	3036	1.82
1049	3711	3500	4.07
1050	3711	3609	6.32
1051	3711	3815	7.36
1052	3711	3915	6.25
1053	3702	3494	3.55
1054	3702	3598	1.97
1055	3702	3806	3.16
1056	3702	3909	4.74
1057	3703	3495	2.26
1058	3703	3609	12.99
1059	3703	3815	16.77
1060	3703	3912	14.17
1061	3698	3490	7.68
1062	3698	3595	5.47
1063	3698	3804	14.93
1064	3698	2937	11.26
1065	2226	3553	5.62
1066	2226	3657	6.48
1067	2226	3866	14.17
1068	2226	3968	7.66
1069	2227	3536	7.80
1070	2227	2591	1.90
1071	2227	3891	6.84
1072	2227	3951	7.22
1073	2228	3559	4.42
1074	2228	3660	9.15
1075	2228	3882	7.22
1076	2228	3928	7.67
1077	3694	3486	4.08
1078	3694	3590	2.42
1079	3694	3798	4.05
1080	3694	3901	4.33
1081	2230	3540	4.21
1082	2230	3644	3.63
1083	2230	3859	9.70
1084	2230	3904	8.60
1085	3747	3539	4.89
1086	3747	3637	9.89
1087	3747	3851	2.28
1088	3747	3960	5.64
1089	2663	3476	7.80
1090	2663	2663	5.84
1091	2663	2823	4.38
1092	2663	3057	1.71
1093	2233	3558	4.93
1094	2233	3675	5.88
1095	2233	3870	4.81
1096	2233	3973	9.86
1097	3761	3553	6.59
1098	3761	3657	5.62
1099	3761	3868	12.66
1100	3761	3968	2.02
1101	3735	3527	6.91
1102	3735	3630	1.57
1103	3735	3869	6.64
1104	3735	3943	6.23
1105	3761	3553	5.99
1106	3761	3657	5.26
1107	3761	3868	11.24
1108	3761	3968	3.09
1109	2237	3558	5.19
1110	2237	3041	5.33
1111	2237	3850	4.75
1112	2237	2996	6.10
1113	3777	3569	5.78
1114	3777	3641	10.06
1115	3777	3881	11.80
1116	3777	3955	5.01
1117	3696	3555	8.40
1118	3696	2577	7.02
1119	3696	3866	9.23
1120	3696	2937	7.53
1121	3730	3522	4.84
1122	3730	3626	6.54
1123	3730	2747	8.05
1124	3730	2916	7.44
1125	2241	3489	5.15
1126	2241	3590	5.16
1127	2241	3798	6.96
1128	2241	3901	4.77
1129	2242	3568	6.85
1130	2242	3641	9.36
1131	2242	3869	7.01
1132	2242	3039	3.64
1133	2243	3525	7.28
1134	2243	3940	10.42
1135	2243	3843	9.37
1136	2243	3940	4.53
1137	3787	3579	0.72
1138	3787	3683	1.23
1139	3787	3891	6.62
1140	3787	3994	6.91
1141	2245	3567	3.74
1142	2245	3671	6.06
1143	2245	3882	1.26
1144	2245	3931	8.61
1145	3786	3578	7.24
1146	3786	3669	1.13
1147	3786	3890	2.42
1148	3786	3950	1.60
1149	2247	3518	3.66
1150	2247	3629	3.76
1151	2247	3834	14.00
1152	2247	3933	6.16
1153	3712	3504	6.55
1154	3712	3609	8.56
1155	3712	3815	7.72
1156	3712	3920	7.93
1157	2249	3509	2.89
1158	2249	3615	10.38
1159	2249	3822	4.03
1160	2249	3924	4.38
1161	2250	3501	6.90
1162	2250	3611	3.03
1163	2250	3818	10.19
1164	2250	2926	3.73
1165	2251	3558	5.26
1166	2251	3647	1.37
1167	2251	3860	10.36
1168	2251	3963	7.66
1169	3716	3507	2.34
1170	3716	3611	9.38
1171	3716	3886	13.03
1172	3716	3923	2.70
1173	2253	3542	5.46
1174	2253	2591	4.91
1175	2253	3891	6.66
1176	2253	3898	7.87
1177	2254	3540	4.94
1178	2254	3661	3.32
1179	2254	3861	15.09
1180	2254	3048	5.93
1181	2335	3542	4.98
1182	2335	3638	4.60
1183	2335	3890	7.05
1184	2335	3950	7.77
1185	3729	3521	4.20
1186	3729	3627	1.78
1187	3729	3836	4.78
1188	3729	3938	4.74
1189	3690	3482	3.57
1190	3690	3586	0.84
1191	3690	3860	7.62
1192	3690	3020	5.42
1193	3758	3543	8.19
1194	3758	3654	1.40
1195	3758	3862	3.07
1196	3758	2996	6.18
1197	3739	3531	3.46
1198	3739	3675	9.41
1199	3739	3843	7.39
1200	3739	3945	4.14
1201	2260	3535	11.84
1202	2260	2680	7.35
1203	2260	2767	8.36
1204	2260	3012	9.24
1205	2261	3553	6.63
1206	2261	3657	8.15
1207	2261	3868	15.63
1208	2261	2937	8.49
1209	2262	3544	5.66
1210	2262	3642	4.85
1211	2262	2769	8.36
1212	2262	3959	3.58
1213	3774	3566	0.40
1214	3774	3670	0.27
1215	3774	3878	1.69
1216	3774	3981	12.15
1217	2264	3556	9.11
1218	2264	2721	6.00
1219	2264	3880	14.27
1220	2264	3985	7.29
1221	3775	3567	2.32
1222	3775	3671	5.32
1223	3775	3882	3.09
1224	3775	3931	6.72
1225	2302	3570	5.25
1226	2302	3671	10.10
1227	2302	3882	8.64
1228	2302	3039	8.30
1229	2267	3570	4.58
1230	2267	2720	5.10
1231	2267	3829	11.47
1232	2267	3985	8.26
1233	2268	3567	9.38
1234	2268	2659	8.63
1235	2268	3869	10.84
1236	2268	3039	7.81
1237	3706	3498	8.05
1238	3706	3602	4.07
1239	3706	3886	3.61
1240	3706	3979	8.19
1241	3964	3568	3.04
1242	3964	3672	7.15
1243	3964	3880	9.73
1244	3964	3983	2.49
1245	2271	3568	5.12
1246	2271	3672	8.47
1247	2271	3869	12.00
1248	2271	3982	3.70
1249	2272	3537	4.14
1250	2272	3641	0.70
1251	2272	3869	7.03
1252	2272	3955	4.98
1253	3766	3558	4.25
1254	3766	3647	3.78
1255	3766	3863	10.31
1256	3766	3973	10.08
1257	2274	3557	4.74
1258	2274	2667	5.60
1259	2274	3869	12.77
1260	2274	3955	2.79
1261	2275	3558	6.45
1262	2275	3647	2.17
1263	2275	3860	7.69
1264	2275	3963	6.60
1265	3746	3538	6.29
1266	3746	3642	0.00
1267	3746	3845	7.51
1268	3746	3953	4.60
1269	2277	3558	6.19
1270	2277	3041	3.87
1271	2277	3850	4.26
1272	2277	3973	6.50
1273	2278	3558	5.93
1274	2278	3673	4.69
1275	2278	3850	6.33
1276	2278	3973	5.50
1277	2342	3533	7.17
1278	2342	3675	5.66
1279	2342	3850	4.42
1280	2342	3944	5.09
1281	3740	3533	4.04
1282	3740	3637	0.75
1283	3740	3851	7.63
1284	3740	3986	5.72
1285	3773	3563	4.34
1286	3773	3681	9.97
1287	3773	2823	9.23
1288	3773	2957	6.84
1289	3772	3561	6.76
1290	3772	3675	7.24
1291	3772	3870	4.08
1292	3772	3986	9.96
1293	2283	3577	10.35
1294	2283	3682	10.09
1295	2283	3876	9.13
1296	2283	3993	8.51
1297	3779	3571	5.39
1298	3779	3673	4.81
1299	3779	3881	4.25
1300	3779	3973	3.36
1301	2285	3570	9.41
1302	2285	2659	7.79
1303	2285	3869	8.35
1304	2285	3039	5.91
1305	2286	3570	4.95
1306	2286	3674	4.24
1307	2286	3829	10.28
1308	2286	3039	11.89
1309	3778	3570	3.76
1310	3778	2720	9.34
1311	3778	3882	9.58
1312	3778	3985	6.93
1313	3734	3523	9.66
1314	3734	3630	5.13
1315	3734	3869	8.45
1316	3734	3039	8.23
1317	3733	3525	5.87
1318	3733	3940	12.49
1319	3733	3834	7.78
1320	3733	3940	4.69
1321	3728	3556	10.07
1322	3728	3728	6.81
1323	3728	3880	6.44
1324	3728	3985	7.21
1325	2291	3560	10.77
1326	2291	2659	2.90
1327	2291	3869	5.81
1328	2291	3039	5.47
1329	2292	3570	5.69
1330	2292	3674	4.84
1331	2292	3882	12.25
1332	2292	3983	10.65
1333	2293	3516	7.62
1334	2293	3674	7.95
1335	2293	3829	10.95
1336	2293	3929	7.54
1337	2294	3570	3.69
1338	2294	3674	5.05
1339	2294	3829	9.37
1340	2294	3985	10.62
1341	2295	3570	4.10
1342	2295	3674	5.07
1343	2295	3829	7.01
1344	2295	3985	12.25
1345	2296	3559	8.04
1346	2296	3621	7.15
1347	2296	3882	11.63
1348	2296	3928	7.52
1349	3707	3499	10.00
1350	3707	3702	9.72
1351	3707	3825	12.77
1352	3707	3914	4.25
1353	3718	3510	3.93
1354	3718	3671	8.22
1355	3718	3822	11.03
1356	3718	3926	6.12
1357	3720	3511	6.25
1358	3720	3615	1.77
1359	3720	3886	10.30
1360	3720	3926	3.43
1361	3714	3501	6.64
1362	3714	3615	12.15
1363	3714	3818	10.74
1364	3714	3611	9.78
1365	2301	3510	6.07
1366	2301	3615	8.69
1367	2301	3886	13.05
1368	2301	3926	6.45
1369	2302	3510	5.38
1370	2302	3671	7.37
1371	2302	3882	11.79
1372	2302	3931	6.20
1373	3782	3562	3.58
1374	3782	3676	1.22
1375	3782	3886	7.20
1376	3782	3979	2.02
1377	3780	3562	6.19
1378	3780	3676	7.96
1379	3780	3889	10.78
1380	3780	3979	9.56
1381	3781	3563	8.92
1382	3781	3681	4.10
1383	3781	3885	2.89
1384	3781	3991	5.30
1385	3693	3489	6.03
1386	3693	2683	1.86
1387	3693	3867	4.18
1388	3693	3904	2.25
1389	2307	3486	4.75
1390	2307	3589	4.51
1391	2307	3798	6.39
1392	2307	3901	1.62
1393	2308	3481	5.71
1394	2308	2682	3.46
1395	2308	3798	5.33
1396	2308	3020	2.51
1397	3691	3483	5.34
1398	3691	2647	2.12
1399	3691	3795	3.11
1400	3691	3898	8.23
1401	2310	3539	5.43
1402	2310	3642	7.52
1403	2310	3851	2.98
1404	2310	3959	7.27
1405	2311	3539	5.57
1406	2311	3656	4.93
1407	2311	3845	4.92
1408	2311	3041	4.35
1409	2312	3558	4.67
1410	2312	3647	6.48
1411	2312	3851	5.27
1412	2312	3960	10.68
1413	3687	3479	2.96
1414	3687	3679	4.60
1415	3687	3887	3.24
1416	3687	3990	2.18
1417	3742	3534	5.20
1418	3742	3638	1.16
1419	3742	3890	7.18
1420	3742	3950	6.89
1421	3744	3536	6.08
1422	3744	3638	4.31
1423	3744	3890	5.53
1424	3744	3950	3.81
1425	2316	3476	9.69
1426	2316	2663	1.67
1427	2316	2823	1.38
1428	2316	3057	2.77
1429	2317	3570	9.16
1430	2317	3674	4.79
1431	2317	3829	10.32
1432	2317	3929	7.49
1433	3757	3537	2.44
1434	3757	3641	3.42
1435	3757	3869	9.30
1436	3757	3966	6.51
1437	3736	3528	4.51
1438	3736	3630	7.89
1439	3736	3843	6.11
1440	3736	3939	4.42
1441	2320	3533	6.67
1442	2320	3041	5.34
1443	2320	3850	3.51
1444	2320	2996	5.82
1445	2321	3560	10.05
1446	2321	2659	0.71
1447	2321	3869	5.02
1448	2321	3039	6.53
1449	3710	3502	5.88
1450	3710	3607	6.64
1451	3710	3825	3.78
1452	3710	3914	6.33
1453	2323	3555	3.26
1454	2323	3659	1.17
1455	2323	3867	9.94
1456	2323	3970	3.84
1457	3760	3542	4.00
1458	3760	3648	5.67
1459	3760	3891	9.16
1460	3760	3898	6.75
1461	2325	3476	10.91
1462	2325	2663	4.93
1463	2325	2832	5.14
1464	2325	3001	3.97
1465	3749	3541	2.95
1466	3749	3647	5.69
1467	3749	3860	4.01
1468	3749	3963	5.10
1469	2327	3500	5.56
1470	2327	3617	6.35
1471	2327	3882	10.16
1472	2327	3915	4.25
1473	3748	3540	3.47
1474	3748	3661	7.82
1475	3748	3861	11.69
1476	3748	3955	6.85
1477	3765	3557	3.74
1478	3765	2667	7.47
1479	3765	3869	12.72
1480	3765	3982	4.44
1481	3727	3519	4.74
1482	3727	3626	7.51
1483	3727	3834	0.96
1484	3727	3940	10.70
1485	3719	3511	4.09
1486	3719	3671	8.10
1487	3719	3882	11.28
1488	3719	3926	7.34
1489	2332	3548	11.98
1490	2332	3652	7.88
1491	2332	3860	11.44
1492	2332	3022	2.40
1493	3699	3491	5.15
1494	3699	3659	9.99
1495	3699	3804	4.10
1496	3699	3970	9.57
1497	3697	3489	5.05
1498	3697	3644	1.43
1499	3697	2853	9.35
1500	3697	3904	6.17
1501	2335	3542	4.66
1502	2335	3649	5.79
1503	2335	3890	6.54
1504	2335	3011	6.98
1505	3686	3536	5.84
1506	3686	3649	7.56
1507	3686	3857	7.53
1508	3686	3012	7.17
1509	2337	3480	6.59
1510	2337	2680	2.57
1511	2337	3887	4.39
1512	2337	3990	6.96
1513	3670	3556	10.69
1514	3670	2721	6.21
1515	3670	3868	13.18
1516	3670	3981	7.17
1517	3685	3476	0.00
1518	3685	3581	0.00
1519	3685	3789	1.84
1520	3685	3892	0.00
1521	3783	3575	0.42
1522	3783	3679	0.27
1523	3783	3887	3.80
1524	3783	3990	6.38
1525	2341	3479	4.79
1526	2341	3583	1.35
1527	2341	3791	4.00
1528	2341	3894	5.13
1529	2342	3480	8.48
1530	2342	2680	5.05
1531	2342	3887	5.34
1532	2342	3018	3.68
1533	3750	3542	1.99
1534	3750	3649	7.38
1535	3750	3891	7.65
1536	3750	3960	5.04
1537	2344	3482	5.53
1538	2344	2682	1.03
1539	2344	3798	7.58
1540	2344	3020	2.46
1541	3692	3555	5.70
1542	3692	2683	2.59
1543	3692	3867	4.58
1544	3692	3904	4.81
1545	2346	3492	14.69
1546	2346	2684	7.78
1547	2346	2853	16.70
1548	2346	3022	8.35
1549	2347	3491	9.44
1550	2347	3595	14.76
1551	2347	3804	14.01
1552	2347	3906	7.08
1553	3701	3494	5.22
1554	3701	3598	0.48
1555	3701	3806	4.54
1556	3701	3909	5.20
1557	2349	3573	11.01
1558	2349	2687	6.66
1559	2349	3889	9.60
1560	2349	3988	10.76
1561	3713	3505	4.82
1562	3713	3609	7.04
1563	3713	3818	10.02
1564	3713	3920	6.70
1565	2351	3505	9.73
1566	2351	3617	6.84
1567	2351	3882	9.94
1568	2351	3920	9.53
1569	3724	3516	4.78
1570	3724	3671	4.66
1571	3724	3882	7.79
1572	3724	3931	6.25
1573	2353	3513	8.19
1574	2353	3617	1.17
1575	2353	3882	7.54
1576	2353	3928	4.15
1577	3717	3509	1.68
1578	3717	3615	10.74
1579	3717	3822	2.70
1580	3717	3924	5.30
1581	3737	3529	6.30
1582	3737	3633	9.44
1583	3737	3843	5.43
1584	3737	3945	6.90
1585	3731	3523	5.85
1586	3731	3627	1.57
1587	3731	3836	3.34
1588	3731	3938	3.27
1589	3732	3518	3.05
1590	3732	3629	6.74
1591	3732	3834	12.64
1592	3732	3940	8.43
1593	2358	3524	8.27
1594	2358	2696	4.34
1595	2358	3836	6.07
1596	2358	3938	6.10
1597	3785	3577	9.53
1598	3785	3681	5.22
1599	3785	3885	10.66
1600	3785	3053	8.74
1601	2360	3515	9.08
1602	2360	3602	9.57
1603	2360	3886	9.42
1604	2360	3036	10.52
1605	3770	3562	3.00
1606	3770	3676	5.59
1607	3770	3886	11.29
1608	3770	3979	7.41
1609	2362	3519	8.37
1610	2362	3629	11.29
1611	2362	3834	11.93
1612	2362	3992	8.95
1613	2363	3570	7.52
1614	2363	3674	5.05
1615	2363	3869	12.38
1616	2363	3039	9.99
1617	3743	3535	5.08
1618	3743	3669	3.00
1619	3743	3877	3.62
1620	3743	3950	1.01
1621	3041	3533	4.31
1622	3041	3642	6.30
1623	3041	3851	4.79
1624	3041	3041	8.49
1625	3741	3533	3.50
1626	3741	3637	2.57
1627	3741	3851	6.69
1628	3741	3986	6.58
1629	2367	3570	4.37
1630	2367	2720	5.31
1631	2367	3829	11.23
1632	2367	3985	8.39
1633	3725	3517	3.50
1634	3725	2720	1.16
1635	3725	3829	11.54
1636	3725	3985	10.06
1637	3756	3543	3.78
1638	3756	3647	6.28
1639	3756	3860	6.54
1640	3756	3963	6.18
1641	3763	3555	3.65
1642	3763	3661	4.68
1643	3763	3859	13.71
1644	3763	3048	8.41
1645	3759	3537	8.62
1646	3759	3964	4.93
1647	3759	3863	4.06
1648	3759	3966	4.01
1649	2372	3557	3.64
1650	2372	3661	1.49
1651	2372	3861	15.81
1652	2372	3048	7.78
1653	3762	3553	5.93
1654	3762	3657	2.05
1655	3762	3868	10.42
1656	3762	3049	7.62
1657	2374	3565	6.90
1658	2374	3681	9.09
1659	2374	3876	6.75
1660	2374	3980	5.02
1661	2375	3561	5.94
1662	2375	3675	9.65
1663	2375	3870	5.57
1664	2375	3979	9.27
1665	3673	3571	5.53
1666	3673	3675	1.28
1667	3673	3883	6.86
1668	3673	3986	4.38
1669	3784	3562	6.73
1670	3784	3676	6.99
1671	3784	3876	7.16
1672	3784	3053	1.86
1673	2378	3561	4.39
1674	2378	3676	4.21
1675	2378	3886	4.28
1676	2378	3979	4.18
1677	3768	3560	3.80
1678	3768	3602	8.64
1679	3768	3881	9.20
1680	3768	3975	0.75
1681	2380	3510	7.67
1682	2380	3671	7.55
1683	2380	3882	12.18
1684	2380	3912	5.31
1685	2381	3476	5.76
1686	2381	3581	5.76
1687	2381	3789	5.71
1688	2381	3057	5.23
1689	2382	3517	4.94
1690	2382	2720	4.62
1691	2382	3880	12.57
1692	2382	3985	8.58
1693	2383	3517	9.75
1694	2383	2721	1.12
1695	2383	3880	14.03
1696	2383	3981	10.58
1697	3581	3476	0.00
1698	3581	3685	0.00
1699	3581	3789	1.84
1700	3581	3892	0.00
1701	3680	3579	11.88
1702	3680	3787	11.94
1703	3680	3891	11.94
1704	3680	3994	7.20
1705	1951	3579	6.30
1706	1951	3787	6.96
1707	1951	3891	3.62
1708	1951	3898	3.51
1709	3679	3575	0.33
1710	3679	3783	0.27
1711	3679	3887	3.94
1712	3679	3990	6.39
1713	3583	3479	3.72
1714	3583	2341	1.30
1715	3583	3791	3.74
1716	3583	3894	4.09
1717	3582	3478	2.90
1718	3582	3686	7.06
1719	3582	3857	3.95
1720	3582	3967	4.40
1721	3586	3482	2.94
1722	3586	3690	0.84
1723	3586	3860	7.78
1724	3586	3020	4.72
1725	3590	3486	2.95
1726	3590	3694	2.31
1727	3590	3798	1.73
1728	3590	3896	2.82
1729	3589	3485	6.02
1730	3589	3693	2.02
1731	3589	3867	4.11
1732	3589	3904	2.65
1733	3592	3488	3.69
1734	3592	3696	9.46
1735	3592	3866	4.94
1736	3592	3969	4.85
1737	2577	3490	5.32
1738	2577	3696	6.49
1739	2577	3866	12.01
1740	2577	2937	5.30
1741	2684	3574	13.55
1742	2684	2346	7.62
1743	2684	3886	18.47
1744	2684	3989	11.58
1745	3595	3490	2.56
1746	3595	3698	4.62
1747	3595	3804	10.81
1748	3595	2937	10.70
1749	3597	3493	6.77
1750	3597	3701	8.11
1751	3597	3825	8.43
1752	3597	3914	11.91
1753	3702	3499	4.26
1754	3702	3707	8.07
1755	3702	3825	6.58
1756	3702	3914	9.29
1757	2327	3499	7.30
1758	2327	3702	7.80
1759	2327	3825	6.11
1760	2327	3909	10.65
1761	3995	3499	6.39
1762	3995	3702	11.97
1763	3995	3825	10.69
1764	3995	3914	13.96
1765	3996	3499	6.01
1766	3996	3707	11.19
1767	3996	3825	12.72
1768	3996	3981	12.91
1769	3997	3499	6.36
1770	3997	3707	11.89
1771	3997	3825	10.89
1772	3997	3914	13.84
1773	3607	3502	4.55
1774	3607	3710	6.50
1775	3607	3815	6.33
1776	3607	3918	5.04
1777	3918	3502	7.93
1778	3918	3701	8.46
1779	3918	3806	7.98
1780	3918	3909	5.45
1781	3611	3507	8.05
1782	3611	2250	3.13
1783	3611	3818	11.89
1784	3611	2926	1.18
1785	3717	3514	2.53
1786	3717	3724	6.56
1787	3717	3829	5.10
1788	3717	3929	8.46
1789	3629	3515	6.36
1790	3629	2247	3.99
1791	3629	3881	16.88
1792	3629	3933	3.03
1793	2559	3515	8.37
1794	2559	3723	8.17
1795	2559	3822	12.03
1796	2559	3929	6.38
1797	3621	3517	3.17
1798	3621	2296	5.97
1799	3621	3829	7.75
1800	3621	3928	9.68
1801	3624	3520	5.12
1802	3624	3728	5.74
1803	3624	3880	9.81
1804	3624	3935	4.82
1805	2696	3523	7.52
1806	2696	3731	4.17
1807	2696	3836	1.95
1808	2696	3938	1.98
1809	3940	3521	5.15
1810	3940	3729	3.98
1811	3940	3836	7.02
1812	3940	3939	6.00
1813	3633	3527	3.94
1814	3633	3735	7.66
1815	3633	3839	2.67
1816	3633	3943	2.73
1817	3626	3522	7.31
1818	3626	3730	5.99
1819	3626	3834	7.12
1820	3626	3992	10.86
1821	3998	3578	10.92
1822	3998	2283	11.46
1823	3998	2747	6.31
1824	3998	3993	10.32
1825	3649	3536	4.46
1826	3649	2335	4.97
1827	3649	3890	8.77
1828	3649	3951	7.40
1829	3682	3578	3.62
1830	3682	3786	6.54
1831	3682	3890	4.45
1832	3682	3993	4.54
1833	3648	3544	3.64
1834	3648	3752	4.62
1835	3648	3795	6.28
1836	3648	3898	4.29
1837	2647	3483	6.67
1838	2647	3691	2.14
1839	2647	3795	2.48
1840	2647	3898	7.71
1841	1980	3544	5.39
1842	1980	2262	4.91
1843	1980	2769	4.07
1844	1980	3959	4.61
1845	3656	3552	6.40
1846	3656	2311	4.46
1847	3656	3845	5.71
1848	3656	3041	2.14
1849	3964	3537	5.95
1850	3964	3757	4.06
1851	3964	3863	7.53
1852	3964	3966	3.44
1853	3652	3541	5.24
1854	3652	2216	3.56
1855	3652	3860	3.44
1856	3652	2892	3.52
1857	3651	3489	6.48
1858	3651	2241	8.51
1859	3651	3859	4.06
1860	3651	1755	4.11
1861	3672	3568	6.30
1862	3672	3964	5.87
1863	3672	3880	12.82
1864	3672	3983	6.58
1865	3657	3553	4.68
1866	3657	3762	2.19
1867	3657	3868	9.49
1868	3657	3049	7.44
1869	3660	3556	8.10
1870	3660	2264	6.66
1871	3660	3868	12.72
1872	3660	3985	8.90
1873	3677	3573	4.03
1874	3677	3781	7.92
1875	3677	3885	8.22
1876	3677	3988	7.39
1877	3926	3512	5.26
1878	3926	3782	11.01
1879	3926	3886	8.55
1880	3926	1789	9.07
1881	3609	3500	6.94
1882	3609	3713	7.59
1883	3609	3882	8.48
1884	3609	3915	7.77
1885	3602	3498	5.33
1886	3602	3706	4.02
1887	3602	3886	3.62
1888	3602	3975	9.10
1889	3671	3567	6.65
1890	3671	3775	4.97
1891	3671	3882	4.84
1892	3671	3931	3.01
1893	3670	3566	0.48
1894	3670	3774	0.27
1895	3670	3878	1.93
1896	3670	3981	12.42
1897	3673	3558	4.22
1898	3673	3779	5.19
1899	3673	3870	6.29
1900	3673	3973	4.94
1901	2667	3537	4.06
1902	2667	2272	3.14
1903	2667	3869	9.70
1904	2667	3955	5.01
1905	3041	3558	8.58
1906	3041	2277	3.35
1907	3041	3850	1.97
1908	3041	2996	3.02
1909	3728	3520	8.13
1910	3728	3728	5.59
1911	3728	3880	11.03
1912	3728	3935	7.62
1913	3658	3546	0.93
1914	3658	3762	8.83
1915	3658	3866	1.63
1916	3658	3969	2.34
1917	3644	3540	5.88
1918	3644	3697	1.43
1919	3644	2853	9.72
1920	3644	3904	6.85
1921	3674	3570	7.19
1922	3674	2286	3.74
1923	3674	3829	10.70
1924	3674	3929	12.17
1925	1927	3556	9.09
1926	1927	3670	7.13
1927	1927	3868	7.57
1928	1927	3981	3.00
1929	2687	3573	7.80
1930	2687	2349	7.68
1931	2687	3885	8.22
1932	2687	3988	6.00
1933	3681	3563	8.76
1934	3681	3781	3.87
1935	3681	3885	5.86
1936	3681	3991	7.48
1937	3638	3534	4.27
1938	3638	3742	1.18
1939	3638	3890	6.69
1940	3638	3950	6.23
1941	3669	3578	7.14
1942	3669	3786	1.14
1943	3669	3890	1.45
1944	3669	3950	2.45
1945	2591	3542	8.50
1946	2591	2227	1.89
1947	2591	3891	5.03
1948	2591	3951	8.31
1949	3683	3579	0.59
1950	3683	3787	1.22
1951	3683	3891	5.57
1952	3683	3994	7.17
1953	2663	3476	9.38
1954	2663	2316	1.66
1955	2663	2823	1.42
1956	2663	3057	3.38
1957	3615	3511	6.93
1958	3615	3720	1.76
1959	3615	3886	9.93
1960	3615	3926	3.36
1961	2680	3480	5.72
1962	2680	2337	2.43
1963	2680	3887	3.05
1964	2680	3990	6.54
1965	2007	3578	10.87
1966	2007	2283	11.34
1967	2007	2747	6.01
1968	2007	2916	10.08
1969	3627	3521	6.00
1970	3627	3731	1.56
1971	3627	3836	3.86
1972	3627	3938	3.81
1973	2683	3489	7.46
1974	2683	3693	1.86
1975	2683	3867	4.79
1976	2683	3904	3.92
1977	3647	3558	6.23
1978	3647	2251	1.32
1979	3647	3860	8.67
1980	3647	3963	6.22
1981	3659	3555	2.61
1982	3659	2323	1.15
1983	3659	3867	8.63
1984	3659	3970	4.01
1985	3598	3494	4.82
1986	3598	3701	0.47
1987	3598	3806	4.15
1988	3598	3909	5.10
1989	3617	3513	8.73
1990	3617	2353	1.18
1991	3617	3882	7.30
1992	3617	3928	4.25
1993	3676	3562	2.98
1994	3676	3782	1.21
1995	3676	3886	6.70
1996	3676	3979	2.57
1997	2659	3560	9.66
1998	2659	2321	0.72
1999	2659	3869	4.60
2000	2659	3039	6.19
2001	3630	3527	8.26
2002	3630	3735	1.60
2003	3630	3869	6.30
2004	3630	3952	7.56
2005	2720	3517	4.37
2006	2720	3725	1.14
2007	2720	3829	11.73
2008	2720	3985	10.16
2009	3675	3571	4.44
2010	3675	3673	1.33
2011	3675	3883	6.06
2012	3675	3986	4.05
2013	3637	3533	3.43
2014	3637	3740	0.73
2015	3637	3851	7.60
2016	3637	3986	6.08
2017	3654	3538	8.38
2018	3654	3758	1.40
2019	3654	3862	3.97
2020	3654	2996	5.66
2021	3642	3538	6.29
2022	3642	3746	0.00
2023	3642	3845	7.51
2024	3642	3953	4.60
2025	2682	3482	4.89
2026	2682	2218	0.34
2027	2682	3798	7.76
2028	2682	3020	1.60
2029	3641	3537	3.65
2030	3641	2272	0.68
2031	3641	3869	6.97
2032	3641	3955	5.53
2033	3661	3557	4.19
2034	3661	2372	1.50
2035	3661	3866	17.34
2036	3661	3048	7.30
2037	2721	3517	10.79
2038	2721	2383	1.17
2039	2721	3880	13.36
2040	2721	3981	9.80
\.


--
-- TOC entry 2829 (class 0 OID 49795)
-- Dependencies: 203
-- Data for Name: paint; Type: TABLE DATA; Schema: public; Owner: postgres
--

COPY public.paint (paint_id, name, brand, hex_color_code) FROM stdin;
3995	StormyNight	Vallejo-Game	#1f1a4f
3996	NightBlue	Vallejo-Game	#19183f
3997	ImperialPurple	Vallejo-Game	#211a4b
3998	LiveryGreen	Vallejo-Game	#9ece65
1469	UmbralUmber	P3Formula	#260801
1486	Frostbite	P3Formula	#e7f2f8
1512	ThrallFlesh	P3Formula	#ced9ad
1755	FurBrown	ArmyPainter	 #a14322
1764	AbominationGore	ArmyPainter	 #6c1e10
1768	BasiliskBrown	ArmyPainter	 #cd8315
1770	CastleGrey	ArmyPainter	 #f1f0e0
1784	ElvenFlesh	ArmyPainter	 #495122
1789	FogGrey	ArmyPainter	 #6c8fac
1803	MutantHue	ArmyPainter	 #a58084
1819	ToxicBoils	ArmyPainter	 #a67284
1927	SmokeyInk	Vallejo-Game	 #2b2325
1951	ElfSkintone	Vallejo-Game	 #f8a070
1980	ScrofulousBrown	Vallejo-Game	 #d68030
2007	FluoGreen	Vallejo-Game	 #9dcd64
2216	BrownRose	 Vallejo-Model	 #cf8774
2218	GermanOrange	 Vallejo-Model	 #f05426
2219	GermanYellow	 Vallejo-Model	 #e8e589
2226	BurntCadmiumRed	 Vallejo-Model	 #623535
2227	BasicSkintone	 Vallejo-Model	 #fbbc8c
2228	LuftwaffeUniformWW2	 Vallejo-Model	 #3d474f
2230	RedLeather	 Vallejo-Model	 #93453d
2233	GermanCam.BeigeWW2	 Vallejo-Model	 #9c8d70
2237	GermanCam.OrangeOchre	 Vallejo-Model	 #9d7e55
2241	AmaranthRed	 Vallejo-Model	 #cc4338
2242	GermanFieldGreyWW2	 Vallejo-Model	 #595748
2243	GermanCam.BrightGreen	 Vallejo-Model	 #528944
2245	LondonGrey	 Vallejo-Model	 #4a555e
2247	Emerald	 Vallejo-Model	 #00906a
2249	LightTurquoise	 Vallejo-Model	 #0094a5
2250	AndreaBlue	 Vallejo-Model	 #008dc9
2251	CorkBrown	 Vallejo-Model	 #a57b63
2253	SunnySkintone	 Vallejo-Model	 #f4b171
2254	MahoganyBrown	 Vallejo-Model	 #804b47
2260	IceYellow	 Vallejo-Model	 #feef87
2261	BlackRed[CadmiumBrown]	 Vallejo-Model	 #5f2e39
2262	MediumFleshtone	 Vallejo-Model	 #c08245
2264	BlackGrey	 Vallejo-Model	 #2d373a
2267	DarkSeaGreen	 Vallejo-Model	 #2f4844
2268	BasaltGrey	 Vallejo-Model	 #576860
2271	ChocolateBrown	 Vallejo-Model	 #5f5047
2272	USFieldDrab	 Vallejo-Model	 #705d43
2274	BeigeBrown	 Vallejo-Model	 #78584a
2275	BrownSand	 Vallejo-Model	 #b08064
2277	GreenBrown	 Vallejo-Model	 #8d7b55
2278	KhakiGrey	 Vallejo-Model	 #8b7f5d
2283	PastelGreen	 Vallejo-Model	 #a4bb99
2285	BrownViolet	 Vallejo-Model	 #4e5d4d
2286	OliveGrey	 Vallejo-Model	 #39584f
2291	USDarkGreen	 Vallejo-Model	 #5b6955
2292	Cam.OliveGreen	 Vallejo-Model	 #3c5549
2293	GunshipGreen	 Vallejo-Model	 #3d685e
2294	GermanCam.ExtraDarkGreen	 Vallejo-Model	 #30504a
2295	BronceGreen	 Vallejo-Model	 #2a534f
2296	DarkSeaBlue	 Vallejo-Model	 #2a4048
2301	IntermediateBlue	 Vallejo-Model	 #607a80
2302	DarkBlueGrey	 Vallejo-Model	 #5c7476
2307	Vermillion	 Vallejo-Model	 #d22b2d
2308	OrangeRed	 Vallejo-Model	 #e34c26
2310	TanYellow	 Vallejo-Model	 #b5915d
2311	YellowOchre	 Vallejo-Model	 #c19448
2312	GreenOchre	 Vallejo-Model	 #a98969
2316	Ivory	 Vallejo-Model	 #eff1d9
2317	GermanUniform	 Vallejo-Model	 #286254
2320	JapanUniformWW2	 Vallejo-Model	 #998546
2321	RussianUniformWW2	 Vallejo-Model	 #606d53
2323	Red	 Vallejo-Model	 #91323a
2325	LightFlesh	 Vallejo-Model	 #feedd0
2327	DarkBlue	 Vallejo-Model	 #0d5a86
2332	OldRose	 Vallejo-Model	 #d47b7d
2335	DarkSand	 Vallejo-Model	 #d1b47e
2337	LightYellow	 Vallejo-Model	 #f7ea62
2341	FlatYellow	 Vallejo-Model	 #ffcd25
2342	YellowGreen	 Vallejo-Model	 #d9e02a
2344	ClearOrange	 Vallejo-Model	 #f1552c
2346	Pink	 Vallejo-Model	 #d37497
2347	Purple	 Vallejo-Model	 #834a6c
2349	SkyBlue	 Vallejo-Model	 #86d6f7
2351	MediumBlue	 Vallejo-Model	 #066588
2353	PrussianBlue	 Vallejo-Model	 #2a546e
2358	DeepGreen	 Vallejo-Model	 #0a6b48
2360	LightGreenBlue	 Vallejo-Model	 #6d9a95
2362	GreenSky	 Vallejo-Model	 #59ad84
2363	MilitaryGreen	 Vallejo-Model	 #3e5848
2367	GermanCam.DarkGreen	 Vallejo-Model	 #2f4845
2372	FlatBrown	 Vallejo-Model	 #764841
2374	DeckTan	 Vallejo-Model	 #bec5b3
2375	MediumGrey	 Vallejo-Model	 #909b85
2378	LightGrey	 Vallejo-Model	 #949c9a
2380	NeutralGrey	 Vallejo-Model	 #64767a
2381	WhiteGrey	 Vallejo-Model	 #eef1ec
2382	DarkGrey	 Vallejo-Model	 #233e3d
2383	GermanGrey	 Vallejo-Model	 #192f30
2559	JadeGreen	 Vallejo-Game	 #128379
2577	ScarletRed	 Vallejo-Game	 #741330
2591	CadmiumSkin	 Vallejo-Game	 #fab78a
2647	FilthyBrown	 Vallejo-Game	 #f58d2b
2659	HeavyGrey	 Vallejo-Game	 #626d54
2663	Offwhite	 Vallejo-Game	 #f5f4da
2667	Earth	 Vallejo-Game	 #6f563d
2680	FluoYellow	 Vallejo-Game	 #eeea50
2682	HeavyOrange	 Vallejo-Game	 #ee5527
2683	ScarletBloodRed	 Vallejo-Game	 #b72a38
2684	SquidPink	 Vallejo-Game	 #da7fb5
2687	GlacierBlue	 Vallejo-Game	 #acd0ee
2696	SickGreen	 Vallejo-Game	 #096638
2720	HeavyBlackGreen	 Vallejo-Game	 #18433d
3574	DechalaLilac	 Citadel	 #B69FCC
2721	HeavyCharcoal	 Vallejo-Game	 #1c2e2e
2747	NecrotiteGreen	 P3Formula	 #7fc348
2767	MenothWhiteBase	 P3Formula	 #efefbb
2769	EmberOrange	 P3Formula	 #de8a2b
2823	MenothWhiteHighlight	 P3Formula	 #f3f4de
2832	RynFlesh	 P3Formula	 #fae3d1
2853	SanguineHighlight	 P3Formula	 #c84959
2891	WarlockPurple	 ArmyPainter	 #bb5b64
2892	ScarTissue	 ArmyPainter	 #ca8772
2916	SnakeScales	 ArmyPainter	 #8ab239
2926	TroglodyteBlue	 ArmyPainter	 #0889ba
2937	CrustedSore	 ArmyPainter	 #611624
2957	MummyRobes	 ArmyPainter	 #ebded5
2996	HempRope	 ArmyPainter	 #94763a
3001	AridEarth	 ArmyPainter	 #faecc3
3011	BansheeBrown	 ArmyPainter	 #c3b097
3012	MoonDust	 ArmyPainter	 #e8d468
3018	PoisonousCloud	 ArmyPainter	 #cdde4a
3020	LavaOrange	 ArmyPainter	 #e65525
3022	PixiePink	 ArmyPainter	 #d47a83
3036	RoyalCloak	 ArmyPainter	 #15999c
3039	CryptWraith	 ArmyPainter	 #606050
3041	DesertYellow	 ArmyPainter	 #c7952c
3048	GrimoirePurple	 ArmyPainter	 #805259
3049	OakBrown	 ArmyPainter	 #432010
3053	StoneGolem	 ArmyPainter	 #b9bab7
3057	BrainmatterBeige	 ArmyPainter	 #f1f0e0
3476	CeramiteWhite	 Citadel	 #ffffff
3477	WhiteScar	 Citadel	 #FFFFFF
3478	AverlandSunset	 Citadel	 #fbba00
3479	YrielYellow	 Citadel	 #ffda00
3480	FlashGitzYellow	 Citadel	 #ffee00
3481	JokaeroOrange	 Citadel	 #e6200f
3482	TrollSlayerOrange	 Citadel	 #eb641b
3483	FireDragonBright	 Citadel	 #f1844a
3484	MephistonRed	 Citadel	 #9b0e05
3485	EvilSunsScarlet	 Citadel	 #c00b0c
3486	WildRiderRed	 Citadel	 #e21516
3487	KhorneRed	 Citadel	 #6a0a01
3488	WazdakkaRed	 Citadel	 #8d0d01
3489	SquigOrange	 Citadel	 #b04d3e
3490	ScreamerPink	 Citadel	 #831740
3491	PinkHorror	 Citadel	 #96325c
3492	EmperorsChildren	 Citadel	 #bd3f75
3493	NaggarothNight	 Citadel	 #433656
3494	XereusPurple	 Citadel	 #4b205c
3495	GenestealerPurple	 Citadel	 #7c5ca4
3496	DaemonetteHide	 Citadel	 #696685
3497	WarpfiendGrey	 Citadel	 #6B6A74
3498	SlaaneshGrey	 Citadel	 #8E8C97
3499	KantorBlue	 Citadel	 #06234f
3500	AlaitocBlue	 Citadel	 #2e5689
3501	HoethBlue	 Citadel	 #4f7fb5
3502	MacraggeBlue	 Citadel	 #14397a
3503	AltdorfGuardBlue	 Citadel	 #274b9b
3504	CalgarBlue	 Citadel	 #456eb5
3505	CaledorSky	 Citadel	 #38689c
3506	TeclisBlue	 Citadel	 #387bbf
3507	LothernBlue	 Citadel	 #3ba1d1
3508	ThousandSonsBlue	 Citadel	 #18ABCC
3509	AhrimanBlue	 Citadel	 #1F8C9C
3510	TheFang	 Citadel	 #457479
3511	RussGrey	 Citadel	 #55768a
3512	FenrisianGrey	 Citadel	 #789ebb
3513	StegadonScaleGreen	 Citadel	 #004261
3514	SotekGreen	 Citadel	 #056976
3515	TempleGuardBlue	 Citadel	 #35998e
3516	ThunderhawkBlue	 Citadel	 #417074
3517	IncubiDarkness	 Citadel	 #094345
3518	KabaliteGreen	 Citadel	 #008660
3519	SybariteGreen	 Citadel	 #36a062
3520	CalibanGreen	 Citadel	 #003b1d
3521	WarpstoneGlow	 Citadel	 #257326
3522	MootGreen	 Citadel	 #57aa2d
3523	Waaagh!Flesh	 Citadel	 #275627
3524	WarbossGreen	 Citadel	 #3b7d54
3525	SkarsnikGreen	 Citadel	 #5e9067
3526	CastellanGreen	 Citadel	 #384d20
3527	DeathWorldForest	 Citadel	 #666c2d
3528	LorenForest	 Citadel	 #5b7426
3529	StrakenGreen	 Citadel	 #6e8611
3530	NurglingGreen	 Citadel	 #90a15f
3531	ElysianGreen	 Citadel	 #81932e
3532	OgrynCamo	 Citadel	 #a9af42
3533	ZandriDust	 Citadel	 #a89758
3534	UshabtiBone	 Citadel	 #c6c180
3535	ScreamingSkull	 Citadel	 #d9d8a6
3536	FlayedOneFlesh	 Citadel	 #f3ca8a
3537	SteelLegionDrab	 Citadel	 #695634
3538	TallarnSand	 Citadel	 #ab7d00
3539	KarakStone	 Citadel	 #c1a069
3540	BugmansGlow	 Citadel	 #8c5144
3541	CadianFleshtone	 Citadel	 #cb7953
3542	KislevFlesh	 Citadel	 #dbad75
3543	RatskinFlesh	 Citadel	 #AD6B4C
3544	BestigorFlesh	 Citadel	 #D38A57
3545	UngorFlesh	 Citadel	 #dbac63
3546	MournfangBrown	 Citadel	 #681104
3547	SkragBrown	 Citadel	 #954b00
3548	DeathclawBrown	 Citadel	 #ba6952
3549	XV-88	 Citadel	 #7b4d1c
3550	TauLightOchre	 Citadel	 #c26e02
3551	BalorBrown	 Citadel	 #915e02
3552	ZamesiDesert	 Citadel	 #e0a503
3553	RhinoxHide	 Citadel	 #4e3433
3554	DoombullBrown	 Citadel	 #5e0605
3555	TuskgorFur	 Citadel	 #8e3734
3556	DryadBark	 Citadel	 #3b342e
3557	GorthorBrown	 Citadel	 #6e4e46
3558	BanebladeBrown	 Citadel	 #99826b
3559	MechanicusStandardGrey	 Citadel	 #454e50
3560	Dawnstone	 Citadel	 #7b7e74
3561	AdministratumGrey	 Citadel	 #9da299
3562	CelestraGrey	 Citadel	 #9caeae
3563	UlthuanGrey	 Citadel	 #d2e4df
3564	RakarthFlesh	 Citadel	 #aba495
3565	PallidWychFlesh	 Citadel	 #d6d5c4
3566	AbaddonBlack	 Citadel	 #010100
3567	EshinGrey	 Citadel	 #535659
3568	SkavenblightDinge	 Citadel	 #4f4840
3569	StormverminFur	 Citadel	 #7d736a
3570	DarkReaper	 Citadel	 #3B5150
3571	DeathGuardArmor	 Citadel	 #848A66
3572	BaharrothBlue	 Citadel	 #58C1CD
3573	BlueHorror	 Citadel	 #A2BAD2
3575	DornYellow	 Citadel	 #FFF200
3576	FulgrimPink	 Citadel	 #F4AFCD
3577	GaussBlasterGreen	 Citadel	 #84C3AA
3578	KriegKhaki	 Citadel	 #C0BD81
3579	LugganathOrange	 Citadel	 #F79E86
3581	DeadWhite	 Vallejo-Game	 #ffffff
3582	GoldYellow	 Vallejo-Game	 #fdb318
3583	SunYellow	 Vallejo-Game	 #ffcf07
3586	OrangeFire	 Vallejo-Game	 #f1652e
3589	BloodyRed	 Vallejo-Game	 #bf282e
3590	HotOrange	 Vallejo-Game	 #e43027
3592	GoryRed	 Vallejo-Game	 #810504
3595	WarlordPurple	 Vallejo-Game	 #7d1a44
3597	HexedLichen	 Vallejo-Game	 #34274d
3598	HeavyViolet	 Vallejo-Game	 #4c2e65
3602	StonewallGrey	 Vallejo-Game	 #828e95
3607	MagicBlue	 Vallejo-Game	 #024381
3609	SombreGrey	 Vallejo-Game	 #4c5c7d
3611	ElectricBlue	 Vallejo-Game	 #008cbf
3615	SteelGrey	 Vallejo-Game	 #64889d
3617	HeavyBlue	 Vallejo-Game	 #29556d
3621	ScurvyGreen	 Vallejo-Game	 #09474e
3624	DarkGreen	 Vallejo-Game	 #083c2a
3626	ScorpionGreen	 Vallejo-Game	 #48b851
3627	MutationGreen	 Vallejo-Game	 #296934
3629	FoulGreen	 Vallejo-Game	 #239378
3630	HeavyGreen	 Vallejo-Game	 #566840
3633	CamoflageGreen	 Vallejo-Game	 #71753a
3637	HeavyKhaki	 Vallejo-Game	 #9d965d
3638	PaleYellow	 Vallejo-Game	 #d5c179
3641	HeavyBrown	 Vallejo-Game	 #705d41
3642	HeavyGoldBrown	 Vallejo-Game	 #ba8636
3644	Tan	 Vallejo-Game	 #9f4746
3647	HeavySkintone	 Vallejo-Game	 #aa7b62
3648	BronzeFleshtone	 Vallejo-Game	 #db945c
3649	BoneWhite	 Vallejo-Game	 #e8be86
3651	ParasiteBrown	 Vallejo-Game	 #b1481f
3652	DwarfSkin	 Vallejo-Game	 #cc7c67
3654	HeavyOchre	 Vallejo-Game	 #a87536
3656	PlagueBrown	 Vallejo-Game	 #cc9b34
3657	DarkFleshtone	 Vallejo-Game	 #4f2b26
3658	Terracota	 Vallejo-Game	 #6b1306
3659	HeavyRed	 Vallejo-Game	 #943238
3660	CharredBrown	 Vallejo-Game	 #39343b
3661	HeavySienna	 Vallejo-Game	 #744642
3669	ElficFlesh	 Vallejo-Game	 #cdc29c
3670	Black	 Vallejo-Game	 #000000
3671	ColdGrey	 Vallejo-Game	 #54646d
3672	BeastyBrown	 Vallejo-Game	 #55432d
3673	Khaki	 Vallejo-Game	 #8c806d
3674	CaymanGreen	 Vallejo-Game	 #285648
3675	HeavyWarmGrey	 Vallejo-Game	 #939066
3676	HeavyBlueGrey	 Vallejo-Game	 #9ca7a7
3677	GhostGrey	 Vallejo-Game	 #a7c5db
3679	MoonYellow	 Vallejo-Game	 #fff103
3680	PaleFlesh	 Vallejo-Game	 #f6bdb3
3681	Verdigris	 Vallejo-Game	 #b3ceca
3682	DeadFlesh	 Vallejo-Game	 #bcb686
3683	RosyFlesh	 Vallejo-Game	 #f89e84
3685	White	 Vallejo-Model	 #ffffff
3686	GoldenYellow	 Vallejo-Model	 #f7c65e
3687	DeepYellow	 Vallejo-Model	 #ffe30c
3690	BrightOrange	 Vallejo-Model	 #f26833
3691	LightOrange	 Vallejo-Model	 #f68627
3692	FlatRed	 Vallejo-Model	 #aa3037
3693	CarmineRed	 Vallejo-Model	 #b73035
3694	Scarlet	 Vallejo-Model	 #da3630
3696	GermanCam.MediumBrown	 Vallejo-Model	 #722b2f
3697	DarkRed	 Vallejo-Model	 #a24a46
3698	VioletRed	 Vallejo-Model	 #6b2946
3699	Magenta	 Vallejo-Model	 #a92a56
3700	SunsetRed	 Vallejo-Model	 #c22c5f
3701	Violet	 Vallejo-Model	 #4b2f65
3702	RoyalPurple	 Vallejo-Model	 #4b2967
3703	BlueViolet	 Vallejo-Model	 #795c9a
3706	MediumSeaGrey	 Vallejo-Model	 #869393
3707	DarkPrussianBlue	 Vallejo-Model	 #192c43
3710	Blue	 Vallejo-Model	 #043667
3711	RoyalBlue	 Vallejo-Model	 #41558d
3712	Ultramarine	 Vallejo-Model	 #3b5da7
3713	FlatBlue	 Vallejo-Model	 #336991
3714	Azure	 Vallejo-Model	 #717cad
3716	DeepSkyBlue	 Vallejo-Model	 #00a6da
3717	Turquoise	 Vallejo-Model	 #008e9c
3718	FrenchMirageBlue	 Vallejo-Model	 #557880
3719	GreyBlue	 Vallejo-Model	 #45708d
3720	PastelBlue	 Vallejo-Model	 #67859b
3721	OxfordBlue	 Vallejo-Model	 #3a465f
3723	BlueGreen	 Vallejo-Model	 #1a9496
3724	FieldBlue	 Vallejo-Model	 #436872
3725	BlackGreen	 Vallejo-Model	 #19423e
3727	LightGreen	 Vallejo-Model	 #00a850
3728	YellowOlive	 Vallejo-Model	 #26392e
3729	MediumOlive	 Vallejo-Model	 #226b2e
3730	LimeGreen	 Vallejo-Model	 #6fae4e
3731	FlatGreen	 Vallejo-Model	 #2a6531
3732	ParkGreenFlat	 Vallejo-Model	 #008c5d
3733	IntermediateGreen	 Vallejo-Model	 #49944f
3734	ReflectiveGreen	 Vallejo-Model	 #496244
3735	LuftwaffeCam.Green	 Vallejo-Model	 #596b3f
3736	UniformGreen	 Vallejo-Model	 #577a38
3737	OliveGreen	 Vallejo-Model	 #6a8b3a
3739	GoldenOlive	 Vallejo-Model	 #78923b
3740	Middlestone	 Vallejo-Model	 #9c9660
3741	DarkYellow	 Vallejo-Model	 #9d9059
3742	SandYellow	 Vallejo-Model	 #d7bf75
3743	Buff	 Vallejo-Model	 #d2ca9f
3744	Beige	 Vallejo-Model	 #dbc58e
3746	GoldBrown	 Vallejo-Model	 #ba8636
3747	IraqiSand	 Vallejo-Model	 #b89972
3748	SaddleBrown	 Vallejo-Model	 #89584f
3749	LightBrown	 Vallejo-Model	 #bf764e
3750	FlatFlesh	 Vallejo-Model	 #d8a977
3752	BeigeRed	 Vallejo-Model	 #c79166
3756	OrangeBrown	 Vallejo-Model	 #b86f44
3757	EnglishUniform	 Vallejo-Model	 #715833
3758	OchreBrown	 Vallejo-Model	 #a77237
3759	FlatEarth	 Vallejo-Model	 #87643c
3760	DarkFlesh	 Vallejo-Model	 #d9a262
3761	GermanCam.BlackBrown	 Vallejo-Model	 #553528
3762	HullRed	 Vallejo-Model	 #522724
3763	CavalryBrown	 Vallejo-Model	 #853f3d
3765	BurntUmber	 Vallejo-Model	 #665148
3766	TanEarth	 Vallejo-Model	 #9c7962
3768	DarkSeaGrey	 Vallejo-Model	 #787d7a
3770	LightSeaGrey	 Vallejo-Model	 #97b4b5
3772	StoneGrey	 Vallejo-Model	 #959980
3773	SilverGrey	 Vallejo-Model	 #d8dfd5
3774	GlossyBlack	 Vallejo-Model	 #010101
3775	GreyGreen	 Vallejo-Model	 #565a60
3777	GermanCam.PaleBrown	 Vallejo-Model	 #82685e
3778	USAOliveDrab	 Vallejo-Model	 #3b4947
3779	GreenGrey	 Vallejo-Model	 #827e61
3780	PaleBlue	 Vallejo-Model	 #83b5b2
3781	PaleGreyBlue	 Vallejo-Model	 #bacdd0
3782	BlueGreyPale	 Vallejo-Model	 #9ea7a5
3783	LemonYellow	 Vallejo-Model	 #fef10e
3784	SkyGrey	 Vallejo-Model	 #b3b6b2
3785	GreyGrey	 Vallejo-Model	 #aecbbb
3786	PaleSand	 Vallejo-Model	 #d1c49c
3787	SalmonRose	 Vallejo-Model	 #f89d87
3789	MorrowWhite	 P3Formula	 #FEFBFD
3791	SulfuricYellow	 P3Formula	 #f0d233
3795	KhadorRedHighlight	 P3Formula	 #f29042
3798	KhadorRedBase	 P3Formula	 #ee2824
3804	MurderousMagenta	 P3Formula	 #a81f5e
3806	BeatenPurple	 P3Formula	 #552a72
3815	CygnarBaseBlue	 P3Formula	 #124b9b
3818	CygnarBlueHighlight	 P3Formula	 #1f75bb
3822	TrollbloodBase	 P3Formula	 #13899b
3825	ExileBlue	 P3Formula	 #203367
3827	MerediusBlue	 P3Formula	 #00b0b9
3829	CoalBlack	 P3Formula	 #005a61
3834	IosanGreen	 P3Formula	 #22a854
3836	GnarlsGreen	 P3Formula	 #126232
3839	BattledressGreen	 P3Formula	 #757232
3843	OrdicOlive	 P3Formula	 #6e7e36
3844	WurmGreen	 P3Formula	 #8fbe40
3845	RucksackTan	 P3Formula	 #b4973f
3850	GunCorpsBrown	 P3Formula	 #937d48
3851	BeastHide	 P3Formula	 #b1956b
3857	Heartfire	 P3Formula	 #f6b046
3859	Bloodstone	 P3Formula	 #9e4822
3860	KhardicFlesh	 P3Formula	 #cb7b5b
3861	IdrianFlesh	 P3Formula	 #9b5e37
3862	BloodtrackerBrown	 P3Formula	 #a66a28
3863	BootstrapLeather	 P3Formula	 #956939
3864	MoldyOchre	 P3Formula	 #ddb43e
3866	SanguineBase	 P3Formula	 #6c160f
3867	SkorneRed	 P3Formula	 #b01f24
3868	BattlefieldBrown	 P3Formula	 #32251c
3869	ThornwoodGreen	 P3Formula	 #65654b
3870	CryxBaneHighlight	 P3Formula	 #93907d
3876	TrollbloodHighlight	 P3Formula	 #bab4a3
3877	JackBone	 P3Formula	 #d6d4aa
3878	ThamarBlack	 P3Formula	 #040707
3880	CryxBaneBase	 P3Formula	 #303924
3881	BastionGrey	 P3Formula	 #777965
3882	GreatcoatGrey	 P3Formula	 #4d5861
3883	TraitorGreen	 P3Formula	 #809065
3885	UnderbellyBlue	 P3Formula	 #c0d4da
3886	IronhullGrey	 P3Formula	 #8e969b
3887	CygnusYellow	 P3Formula	 #f3e72e
3888	CarnalPink	 P3Formula	 #fae2ec
3889	ArcaneBlue	 P3Formula	 #7acfd9
3890	HammerfallKhaki	 P3Formula	 #c8bf98
3891	MidlundFlesh	 P3Formula	 #f0a983
3892	MattWhite	 ArmyPainter	 #ffffff
3894	DaemonicYellow	 ArmyPainter	 #fada06
3896	MythicalOrange	 ArmyPainter	 #e73d24
3898	BarbarianFlesh	 ArmyPainter	 #e89c6c
3901	PureRed	 ArmyPainter	 #cf2127
3903	DragonRed	 ArmyPainter	 #9a1b1e
3904	MarsRed	 ArmyPainter	 #b73b37
3906	WastelandSoil	 ArmyPainter	 #774b58
3907	OrcBlood	 ArmyPainter	 #925f6e
3909	AlienPurple	 ArmyPainter	 #50317b
3912	DungeonGrey	 ArmyPainter	 #686c71
3914	DeepBlue	 ArmyPainter	 #083251
3915	GriffonBlue	 ArmyPainter	 #215383
3918	UltramarineBlue	 ArmyPainter	 #0f4e85
3920	VikingBlue	 ArmyPainter	 #00609a
3921	CrystalBlue	 ArmyPainter	 #0083c2
3923	VoidshieldBlue	 ArmyPainter	 #2ca2d9
3924	HydraTurquoise	 ArmyPainter	 #199ba3
3926	WolfGrey	 ArmyPainter	 #5b8093
3927	IceStorm	 ArmyPainter	 #639ec9
3928	DarkSky	 ArmyPainter	 #2b4b5f
3929	WizardsOrb	 ArmyPainter	 #00726a
3931	UniformGrey	 ArmyPainter	 #5e6a73
3933	ElementalBolt	 ArmyPainter	 #009a82
3935	AngelGreen	 ArmyPainter	 #0c391d
3938	Greenskin	 ArmyPainter	 #136232
3939	MouldyClothes	 ArmyPainter	 #447b3a
3940	GoblinGreen	 ArmyPainter	 #348941
3941	ElfGreen	 ArmyPainter	 #495122
3943	ArmyGreen	 ArmyPainter	 #6e7645
3944	CommandoGreen	 ArmyPainter	 #827b39
3945	ScalyHide	 ArmyPainter	 #859852
3947	JungleGreen	 ArmyPainter	 #88ac2e
3948	WitchBrew	 ArmyPainter	 #92963e
3950	SkeletonBone	 ArmyPainter	 #d3c89d
3951	CorpsePale	 ArmyPainter	 #edccad
3952	VenomWyrm	 ArmyPainter	 #6a653e
3953	SulphideOchre	 ArmyPainter	 #c68512
3955	WerewolfFur	 ArmyPainter	 #785e4e
3959	TrollClaws	 ArmyPainter	 #cb8b4e
3960	KoboldSkin	 ArmyPainter	 #c9a484
3963	TannedFlesh	 ArmyPainter	 #bc745e
3964	LeatherBrown	 ArmyPainter	 #764823
3965	FireLizard	 ArmyPainter	 #d67128
3966	MonsterBrown	 ArmyPainter	 #855c2a
3967	PhoenixFlames	 ArmyPainter	 #faa61a
3968	DirtSpatter	 ArmyPainter	 #5e3827
3969	ChaoticRed	 ArmyPainter	 #6c1e10
3970	VampireRed	 ArmyPainter	 #981d34
3973	FilthyCape	 ArmyPainter	 #7c7863
3975	FieldGrey	 ArmyPainter	 #787c78
3979	AshGrey	 ArmyPainter	 #a2a5a4
3980	DrakeTooth	 ArmyPainter	 #cfcbb4
3981	MattBlack	 ArmyPainter	 #231f20
3982	DarkStone	 ArmyPainter	 #605752
3983	HardenedCarapace	 ArmyPainter	 #4c473f
3984	CultistRobe	 ArmyPainter	 #756e60
3985	NecromanceCloak	 ArmyPainter	 #3c3d37
3986	CombatFatigue	 ArmyPainter	 #878e5c
3987	ToxicMist	 ArmyPainter	 #39c0c5
3988	GorgonHide	 ArmyPainter	 #c7d2e4
3989	OozingPurple	 ArmyPainter	 #aa94b4
3990	BabeBlonde	 ArmyPainter	 #f8dd0d
3991	SpaceshipExterior	 ArmyPainter	 #cdced0
3992	KrakenSkin	 ArmyPainter	 #71c591
3993	NecroticFlesh	 ArmyPainter	 #bfc292
3994	CentaurSkin	 ArmyPainter	 #deaba0
\.


--
-- TOC entry 2841 (class 0 OID 0)
-- Dependencies: 204
-- Name: match_paint_match_id_seq; Type: SEQUENCE SET; Schema: public; Owner: postgres
--

SELECT pg_catalog.setval('public.match_paint_match_id_seq', 2040, true);


--
-- TOC entry 2842 (class 0 OID 0)
-- Dependencies: 202
-- Name: paint_paint_id_seq; Type: SEQUENCE SET; Schema: public; Owner: postgres
--

SELECT pg_catalog.setval('public.paint_paint_id_seq', 3998, true);


-- Completed on 2023-05-18 09:52:15

--
-- PostgreSQL database dump complete
--

